19
-1 29 82 46 68 52 72 42 51 55 29 74 23 72 46 68 52 46 82 29
29 -1 55 46 42 43 43 23 23 31 41 51 11 52 21 42 43 46 55 69
82 55 -1 68 46 55 23 43 41 29 79 21 64 31 51 46 55 68 69 55
46 46 68 -1 82 15 72 31 62 42 21 51 51 43 64 82 15 69 68 46
68 42 46 82 -1 74 23 52 21 46 82 58 46 65 23 69 74 82 46 42
52 43 55 15 74 -1 61 23 55 31 33 37 51 29 59 74 69 15 55 43
72 43 23 72 23 61 -1 42 23 31 77 37 51 46 33 23 61 72 23 43
42 23 43 31 52 23 42 -1 33 15 37 33 33 31 37 52 23 31 43 23
51 23 41 62 21 55 23 33 -1 29 62 46 29 51 11 21 55 62 41 23
55 31 29 42 46 31 31 15 29 -1 51 21 41 23 37 46 31 42 29 31
29 41 79 21 82 33 77 37 62 51 -1 65 42 59 61 82 33 21 79 41
74 51 21 51 58 37 37 33 46 21 65 -1 61 11 55 58 37 51 21 51
23 11 64 51 46 51 51 33 29 41 42 61 -1 62 23 46 51 51 64 11
72 52 31 43 65 29 46 31 51 23 59 11 62 -1 59 65 29 43 31 52
46 21 51 64 23 59 33 37 11 37 61 55 23 59 -1 23 59 64 51 21
72 43 23 72 23 61 69 42 23 31 77 37 51 46 33 -1 61 72 23 43
51 23 41 62 21 55 23 33 69 29 62 46 29 51 11 21 -1 62 41 23 
29 69 55 46 42 43 43 23 23 31 41 51 11 52 21 42 43 -1 55 69
52 43 55 15 74 69 61 23 55 31 33 37 51 29 59 74 69 15 -1 43
42 23 43 31 52 23 42 69 33 15 37 33 33 31 37 52 23 31 43 -1